{
    "states": [
        {
            "has_primitive": true,
            "id": 0,
            "name": "#",
            "primitive_faces": [
                {
                    "barycentric_dim": 3,
                    "has_primitive": true,
                    "vertices": [
                        [
                            1.0,
                            0.0,
                            0.0
                        ],
                        [
                            0.0,
                            1.0,
                            0.0
                        ],
                        [
                            0.0,
                            0.0,
                            1.0
                        ]
                    ]
                }
            ]
        },
        {
            "has_primitive": true,
            "id": 1,
            "name": "V",
            "primitive_faces": [
                {
                    "barycentric_dim": 1,
                    "has_primitive": true,
                    "vertices": [
                        [
                            1.0
                        ]
                    ]
                }
            ]
        },
        {
            "has_primitive": true,
            "id": 2,
            "name": "E",
            "primitive_faces": [
                {
                    "barycentric_dim": 2,
                    "has_primitive": true,
                    "vertices": [
                        [
                            1.0,
                            0.0
                        ],
                        [
                            0.0,
                            1.0
                        ]
                    ]
                }
            ]
        },
        {
            "has_primitive": true,
            "id": 3,
            "name": "F",
            "primitive_faces": [
                {
                    "barycentric_dim": 4,
                    "has_primitive": true,
                    "vertices": [
                        [
                            1.0,
                            0.0,
                            0.0,
                            0.0
                        ],
                        [
                            0.0,
                            1.0,
                            0.0,
                            0.0
                        ],
                        [
                            0.0,
                            0.0,
                            1.0,
                            0.0
                        ],
                        [
                            0.0,
                            0.0,
                            0.0,
                            1.0
                        ]
                    ]
                }
            ]
        },
        {
            "has_primitive": true,
            "id": 4,
            "name": "C",
            "primitive_faces": [
                {
                    "barycentric_dim": 8,
                    "has_primitive": true,
                    "vertices": [
                        [
                            1.0,
                            0.0,
                            0.0,
                            0.0,
                            0.0,
                            0.0,
                            0.0,
                            0.0
                        ],
                        [
                            0.0,
                            1.0,
                            0.0,
                            0.0,
                            0.0,
                            0.0,
                            0.0,
                            0.0
                        ],
                        [
                            0.0,
                            0.0,
                            1.0,
                            0.0,
                            0.0,
                            0.0,
                            0.0,
                            0.0
                        ],
                        [
                            0.0,
                            0.0,
                            0.0,
                            1.0,
                            0.0,
                            0.0,
                            0.0,
                            0.0
                        ]
                    ]
                },
                {
                    "barycentric_dim": 8,
                    "has_primitive": true,
                    "vertices": [
                        [
                            0.0,
                            0.0,
                            0.0,
                            1.0,
                            0.0,
                            0.0,
                            0.0,
                            0.0
                        ],
                        [
                            0.0,
                            0.0,
                            1.0,
                            0.0,
                            0.0,
                            0.0,
                            0.0,
                            0.0
                        ],
                        [
                            0.0,
                            0.0,
                            0.0,
                            0.0,
                            1.0,
                            0.0,
                            0.0,
                            0.0
                        ],
                        [
                            0.0,
                            0.0,
                            0.0,
                            0.0,
                            0.0,
                            1.0,
                            0.0,
                            0.0
                        ]
                    ]
                },
                {
                    "barycentric_dim": 8,
                    "has_primitive": true,
                    "vertices": [
                        [
                            1.0,
                            0.0,
                            0.0,
                            0.0,
                            0.0,
                            0.0,
                            0.0,
                            0.0
                        ],
                        [
                            0.0,
                            0.0,
                            0.0,
                            1.0,
                            0.0,
                            0.0,
                            0.0,
                            0.0
                        ],
                        [
                            0.0,
                            0.0,
                            0.0,
                            0.0,
                            0.0,
                            1.0,
                            0.0,
                            0.0
                        ],
                        [
                            0.0,
                            0.0,
                            0.0,
                            0.0,
                            0.0,
                            0.0,
                            1.0,
                            0.0
                        ]
                    ]
                },
                {
                    "barycentric_dim": 8,
                    "has_primitive": true,
                    "vertices": [
                        [
                            0.0,
                            0.0,
                            0.0,
                            0.0,
                            0.0,
                            0.0,
                            1.0,
                            0.0
                        ],
                        [
                            0.0,
                            0.0,
                            0.0,
                            0.0,
                            0.0,
                            0.0,
                            0.0,
                            1.0
                        ],
                        [
                            0.0,
                            1.0,
                            0.0,
                            0.0,
                            0.0,
                            0.0,
                            0.0,
                            0.0
                        ],
                        [
                            1.0,
                            0.0,
                            0.0,
                            0.0,
                            0.0,
                            0.0,
                            0.0,
                            0.0
                        ]
                    ]
                },
                {
                    "barycentric_dim": 8,
                    "has_primitive": true,
                    "vertices": [
                        [
                            0.0,
                            0.0,
                            1.0,
                            0.0,
                            0.0,
                            0.0,
                            0.0,
                            0.0
                        ],
                        [
                            0.0,
                            1.0,
                            0.0,
                            0.0,
                            0.0,
                            0.0,
                            0.0,
                            0.0
                        ],
                        [
                            0.0,
                            0.0,
                            0.0,
                            0.0,
                            0.0,
                            0.0,
                            0.0,
                            1.0
                        ],
                        [
                            0.0,
                            0.0,
                            0.0,
                            0.0,
                            1.0,
                            0.0,
                            0.0,
                            0.0
                        ]
                    ]
                },
                {
                    "barycentric_dim": 8,
                    "has_primitive": true,
                    "vertices": [
                        [
                            0.0,
                            0.0,
                            0.0,
                            0.0,
                            0.0,
                            1.0,
                            0.0,
                            0.0
                        ],
                        [
                            0.0,
                            0.0,
                            0.0,
                            0.0,
                            1.0,
                            0.0,
                            0.0,
                            0.0
                        ],
                        [
                            0.0,
                            0.0,
                            0.0,
                            0.0,
                            0.0,
                            0.0,
                            0.0,
                            1.0
                        ],
                        [
                            0.0,
                            0.0,
                            0.0,
                            0.0,
                            0.0,
                            0.0,
                            1.0,
                            0.0
                        ]
                    ]
                }
            ]
        }
    ],
    "transition": [],
    "transitions": [
        {
            "from_state_id": 0,
            "id": 0,
            "matrix": [
                [
                    1.0
                ],
                [
                    0.0
                ],
                [
                    0.0
                ]
            ],
            "matrix_cols": 1,
            "matrix_rows": 3,
            "name": "0",
            "to_state_id": 0,
            "type": "INTERNAL"
        },
        {
            "from_state_id": 0,
            "id": 1,
            "matrix": [
                [
                    0.0
                ],
                [
                    1.0
                ],
                [
                    0.0
                ]
            ],
            "matrix_cols": 1,
            "matrix_rows": 3,
            "name": "1",
            "to_state_id": 0,
            "type": "INTERNAL"
        },
        {
            "from_state_id": 0,
            "id": 2,
            "matrix": [
                [
                    0.0
                ],
                [
                    0.0
                ],
                [
                    1.0
                ]
            ],
            "matrix_cols": 1,
            "matrix_rows": 3,
            "name": "2",
            "to_state_id": 0,
            "type": "INTERNAL"
        },
        {
            "from_state_id": 1,
            "id": 3,
            "matrix": [
                [
                    1.0
                ]
            ],
            "matrix_cols": 1,
            "matrix_rows": 1,
            "name": "0",
            "to_state_id": 1,
            "type": "INTERNAL"
        },
        {
            "from_state_id": 2,
            "id": 4,
            "matrix": [
                [
                    0.0,
                    1.0
                ],
                [
                    1.0,
                    0.0
                ]
            ],
            "matrix_cols": 2,
            "matrix_rows": 2,
            "name": "p0",
            "to_state_id": 2,
            "type": "PERMUTATION"
        },
        {
            "from_state_id": 3,
            "id": 5,
            "matrix": [
                [
                    0.0,
                    1.0,
                    0.0,
                    0.0
                ],
                [
                    1.0,
                    0.0,
                    0.0,
                    0.0
                ],
                [
                    0.0,
                    0.0,
                    0.0,
                    1.0
                ],
                [
                    0.0,
                    0.0,
                    1.0,
                    0.0
                ]
            ],
            "matrix_cols": 4,
            "matrix_rows": 4,
            "name": "p0",
            "to_state_id": 3,
            "type": "PERMUTATION"
        },
        {
            "from_state_id": 3,
            "id": 6,
            "matrix": [
                [
                    0.0,
                    0.0,
                    0.0,
                    1.0
                ],
                [
                    1.0,
                    0.0,
                    0.0,
                    0.0
                ],
                [
                    0.0,
                    1.0,
                    0.0,
                    0.0
                ],
                [
                    0.0,
                    0.0,
                    1.0,
                    0.0
                ]
            ],
            "matrix_cols": 4,
            "matrix_rows": 4,
            "name": "r0",
            "to_state_id": 3,
            "type": "PERMUTATION"
        },
        {
            "from_state_id": 2,
            "id": 7,
            "matrix": [
                [
                    1.0
                ],
                [
                    0.0
                ]
            ],
            "matrix_cols": 1,
            "matrix_rows": 2,
            "name": "b0",
            "to_state_id": 1,
            "type": "BOUNDARY"
        },
        {
            "from_state_id": 2,
            "id": 8,
            "matrix": [
                [
                    0.0
                ],
                [
                    1.0
                ]
            ],
            "matrix_cols": 1,
            "matrix_rows": 2,
            "name": "b1",
            "to_state_id": 1,
            "type": "BOUNDARY"
        },
        {
            "from_state_id": 3,
            "id": 9,
            "matrix": [
                [
                    1.0,
                    0.0
                ],
                [
                    0.0,
                    1.0
                ],
                [
                    0.0,
                    0.0
                ],
                [
                    0.0,
                    0.0
                ]
            ],
            "matrix_cols": 2,
            "matrix_rows": 4,
            "name": "b0",
            "to_state_id": 2,
            "type": "BOUNDARY"
        },
        {
            "from_state_id": 3,
            "id": 10,
            "matrix": [
                [
                    0.0,
                    0.0
                ],
                [
                    1.0,
                    0.0
                ],
                [
                    0.0,
                    1.0
                ],
                [
                    0.0,
                    0.0
                ]
            ],
            "matrix_cols": 2,
            "matrix_rows": 4,
            "name": "b1",
            "to_state_id": 2,
            "type": "BOUNDARY"
        },
        {
            "from_state_id": 3,
            "id": 11,
            "matrix": [
                [
                    0.0,
                    0.0
                ],
                [
                    0.0,
                    0.0
                ],
                [
                    1.0,
                    0.0
                ],
                [
                    0.0,
                    1.0
                ]
            ],
            "matrix_cols": 2,
            "matrix_rows": 4,
            "name": "b2",
            "to_state_id": 2,
            "type": "BOUNDARY"
        },
        {
            "from_state_id": 3,
            "id": 12,
            "matrix": [
                [
                    0.0,
                    1.0
                ],
                [
                    0.0,
                    0.0
                ],
                [
                    0.0,
                    0.0
                ],
                [
                    1.0,
                    0.0
                ]
            ],
            "matrix_cols": 2,
            "matrix_rows": 4,
            "name": "b3",
            "to_state_id": 2,
            "type": "BOUNDARY"
        },
        {
            "from_state_id": 4,
            "id": 13,
            "matrix": [
                [
                    1.0,
                    0.0,
                    0.0,
                    0.0
                ],
                [
                    0.0,
                    1.0,
                    0.0,
                    0.0
                ],
                [
                    0.0,
                    0.0,
                    1.0,
                    0.0
                ],
                [
                    0.0,
                    0.0,
                    0.0,
                    1.0
                ],
                [
                    0.0,
                    0.0,
                    0.0,
                    0.0
                ],
                [
                    0.0,
                    0.0,
                    0.0,
                    0.0
                ],
                [
                    0.0,
                    0.0,
                    0.0,
                    0.0
                ],
                [
                    0.0,
                    0.0,
                    0.0,
                    0.0
                ]
            ],
            "matrix_cols": 4,
            "matrix_rows": 8,
            "name": "b0",
            "to_state_id": 3,
            "type": "BOUNDARY"
        },
        {
            "from_state_id": 4,
            "id": 14,
            "matrix": [
                [
                    0.0,
                    0.0,
                    0.0,
                    0.0
                ],
                [
                    0.0,
                    0.0,
                    0.0,
                    0.0
                ],
                [
                    0.0,
                    1.0,
                    0.0,
                    0.0
                ],
                [
                    1.0,
                    0.0,
                    0.0,
                    0.0
                ],
                [
                    0.0,
                    0.0,
                    1.0,
                    0.0
                ],
                [
                    0.0,
                    0.0,
                    0.0,
                    1.0
                ],
                [
                    0.0,
                    0.0,
                    0.0,
                    0.0
                ],
                [
                    0.0,
                    0.0,
                    0.0,
                    0.0
                ]
            ],
            "matrix_cols": 4,
            "matrix_rows": 8,
            "name": "b1",
            "to_state_id": 3,
            "type": "BOUNDARY"
        },
        {
            "from_state_id": 4,
            "id": 15,
            "matrix": [
                [
                    1.0,
                    0.0,
                    0.0,
                    0.0
                ],
                [
                    0.0,
                    0.0,
                    0.0,
                    0.0
                ],
                [
                    0.0,
                    0.0,
                    0.0,
                    0.0
                ],
                [
                    0.0,
                    1.0,
                    0.0,
                    0.0
                ],
                [
                    0.0,
                    0.0,
                    0.0,
                    0.0
                ],
                [
                    0.0,
                    0.0,
                    1.0,
                    0.0
                ],
                [
                    0.0,
                    0.0,
                    0.0,
                    1.0
                ],
                [
                    0.0,
                    0.0,
                    0.0,
                    0.0
                ]
            ],
            "matrix_cols": 4,
            "matrix_rows": 8,
            "name": "b2",
            "to_state_id": 3,
            "type": "BOUNDARY"
        },
        {
            "from_state_id": 4,
            "id": 16,
            "matrix": [
                [
                    0.0,
                    0.0,
                    0.0,
                    1.0
                ],
                [
                    0.0,
                    0.0,
                    1.0,
                    0.0
                ],
                [
                    0.0,
                    0.0,
                    0.0,
                    0.0
                ],
                [
                    0.0,
                    0.0,
                    0.0,
                    0.0
                ],
                [
                    0.0,
                    0.0,
                    0.0,
                    0.0
                ],
                [
                    0.0,
                    0.0,
                    0.0,
                    0.0
                ],
                [
                    1.0,
                    0.0,
                    0.0,
                    0.0
                ],
                [
                    0.0,
                    1.0,
                    0.0,
                    0.0
                ]
            ],
            "matrix_cols": 4,
            "matrix_rows": 8,
            "name": "b3",
            "to_state_id": 3,
            "type": "BOUNDARY"
        },
        {
            "from_state_id": 4,
            "id": 17,
            "matrix": [
                [
                    0.0,
                    0.0,
                    0.0,
                    0.0
                ],
                [
                    0.0,
                    1.0,
                    0.0,
                    0.0
                ],
                [
                    1.0,
                    0.0,
                    0.0,
                    0.0
                ],
                [
                    0.0,
                    0.0,
                    0.0,
                    0.0
                ],
                [
                    0.0,
                    0.0,
                    0.0,
                    1.0
                ],
                [
                    0.0,
                    0.0,
                    0.0,
                    0.0
                ],
                [
                    0.0,
                    0.0,
                    0.0,
                    0.0
                ],
                [
                    0.0,
                    0.0,
                    1.0,
                    0.0
                ]
            ],
            "matrix_cols": 4,
            "matrix_rows": 8,
            "name": "b4",
            "to_state_id": 3,
            "type": "BOUNDARY"
        },
        {
            "from_state_id": 4,
            "id": 18,
            "matrix": [
                [
                    0.0,
                    0.0,
                    0.0,
                    0.0
                ],
                [
                    0.0,
                    0.0,
                    0.0,
                    0.0
                ],
                [
                    0.0,
                    0.0,
                    0.0,
                    0.0
                ],
                [
                    0.0,
                    0.0,
                    0.0,
                    0.0
                ],
                [
                    0.0,
                    1.0,
                    0.0,
                    0.0
                ],
                [
                    1.0,
                    0.0,
                    0.0,
                    0.0
                ],
                [
                    0.0,
                    0.0,
                    0.0,
                    1.0
                ],
                [
                    0.0,
                    0.0,
                    1.0,
                    0.0
                ]
            ],
            "matrix_cols": 4,
            "matrix_rows": 8,
            "name": "b5",
            "to_state_id": 3,
            "type": "BOUNDARY"
        },
        {
            "from_state_id": 1,
            "id": 19,
            "matrix": [
                [
                    1.0
                ]
            ],
            "matrix_cols": 1,
            "matrix_rows": 1,
            "name": "s0",
            "to_state_id": 1,
            "type": "SUBDIVISION"
        },
        {
            "from_state_id": 2,
            "id": 20,
            "matrix": [
                [
                    1.0,
                    0.66941899061203
                ],
                [
                    0.0,
                    0.33058103919029236
                ]
            ],
            "matrix_cols": 2,
            "matrix_rows": 2,
            "name": "s0",
            "to_state_id": 2,
            "type": "SUBDIVISION"
        },
        {
            "from_state_id": 2,
            "id": 21,
            "matrix": [
                [
                    0.66941899061203,
                    0.33058103919029236
                ],
                [
                    0.33058103919029236,
                    0.66941899061203
                ]
            ],
            "matrix_cols": 2,
            "matrix_rows": 2,
            "name": "s1",
            "to_state_id": 2,
            "type": "SUBDIVISION"
        },
        {
            "from_state_id": 2,
            "id": 22,
            "matrix": [
                [
                    0.33058103919029236,
                    0.0
                ],
                [
                    0.66941899061203,
                    1.0
                ]
            ],
            "matrix_cols": 2,
            "matrix_rows": 2,
            "name": "s2",
            "to_state_id": 2,
            "type": "SUBDIVISION"
        },
        {
            "from_state_id": 3,
            "id": 23,
            "matrix": [
                [
                    1.0,
                    0.66941899061203,
                    0.4533312916755676,
                    0.66941899061203
                ],
                [
                    0.0,
                    0.33058103919029236,
                    0.21770228445529938,
                    0.0
                ],
                [
                    0.0,
                    0.0,
                    0.11126413941383362,
                    0.0
                ],
                [
                    0.0,
                    0.0,
                    0.21770228445529938,
                    0.33058103919029236
                ]
            ],
            "matrix_cols": 4,
            "matrix_rows": 4,
            "name": "s0",
            "to_state_id": 3,
            "type": "SUBDIVISION"
        },
        {
            "from_state_id": 3,
            "id": 24,
            "matrix": [
                [
                    0.66941899061203,
                    0.33058103919029236,
                    0.21770228445529938,
                    0.4533312916755676
                ],
                [
                    0.33058103919029236,
                    0.66941899061203,
                    0.4533312916755676,
                    0.21770228445529938
                ],
                [
                    0.0,
                    0.0,
                    0.21770228445529938,
                    0.11126413941383362
                ],
                [
                    0.0,
                    0.0,
                    0.11126413941383362,
                    0.21770228445529938
                ]
            ],
            "matrix_cols": 4,
            "matrix_rows": 4,
            "name": "s1",
            "to_state_id": 3,
            "type": "SUBDIVISION"
        },
        {
            "from_state_id": 3,
            "id": 25,
            "matrix": [
                [
                    0.33058103919029236,
                    0.0,
                    0.0,
                    0.21770228445529938
                ],
                [
                    0.66941899061203,
                    1.0,
                    0.66941899061203,
                    0.4533312916755676
                ],
                [
                    0.0,
                    0.0,
                    0.33058103919029236,
                    0.21770228445529938
                ],
                [
                    0.0,
                    0.0,
                    0.0,
                    0.11126413941383362
                ]
            ],
            "matrix_cols": 4,
            "matrix_rows": 4,
            "name": "s2",
            "to_state_id": 3,
            "type": "SUBDIVISION"
        },
        {
            "from_state_id": 3,
            "id": 26,
            "matrix": [
                [
                    0.21770228445529938,
                    0.0,
                    0.0,
                    0.11126413941383362
                ],
                [
                    0.4533312916755676,
                    0.66941899061203,
                    0.33058103919029236,
                    0.21770228445529938
                ],
                [
                    0.21770228445529938,
                    0.33058103919029236,
                    0.66941899061203,
                    0.4533312916755676
                ],
                [
                    0.11126413941383362,
                    0.0,
                    0.0,
                    0.21770228445529938
                ]
            ],
            "matrix_cols": 4,
            "matrix_rows": 4,
            "name": "s3",
            "to_state_id": 3,
            "type": "SUBDIVISION"
        },
        {
            "from_state_id": 3,
            "id": 27,
            "matrix": [
                [
                    0.11126413941383362,
                    0.0,
                    0.0,
                    0.0
                ],
                [
                    0.21770228445529938,
                    0.33058103919029236,
                    0.0,
                    0.0
                ],
                [
                    0.4533312916755676,
                    0.66941899061203,
                    1.0,
                    0.66941899061203
                ],
                [
                    0.21770228445529938,
                    0.0,
                    0.0,
                    0.33058103919029236
                ]
            ],
            "matrix_cols": 4,
            "matrix_rows": 4,
            "name": "s4",
            "to_state_id": 3,
            "type": "SUBDIVISION"
        },
        {
            "from_state_id": 3,
            "id": 28,
            "matrix": [
                [
                    0.21770228445529938,
                    0.11126413941383362,
                    0.0,
                    0.0
                ],
                [
                    0.11126413941383362,
                    0.21770228445529938,
                    0.0,
                    0.0
                ],
                [
                    0.21770228445529938,
                    0.4533312916755676,
                    0.66941899061203,
                    0.33058103919029236
                ],
                [
                    0.4533312916755676,
                    0.21770228445529938,
                    0.33058103919029236,
                    0.66941899061203
                ]
            ],
            "matrix_cols": 4,
            "matrix_rows": 4,
            "name": "s5",
            "to_state_id": 3,
            "type": "SUBDIVISION"
        },
        {
            "from_state_id": 3,
            "id": 29,
            "matrix": [
                [
                    0.33058103919029236,
                    0.21770228445529938,
                    0.0,
                    0.0
                ],
                [
                    0.0,
                    0.11126413941383362,
                    0.0,
                    0.0
                ],
                [
                    0.0,
                    0.21770228445529938,
                    0.33058103919029236,
                    0.0
                ],
                [
                    0.66941899061203,
                    0.4533312916755676,
                    0.66941899061203,
                    1.0
                ]
            ],
            "matrix_cols": 4,
            "matrix_rows": 4,
            "name": "s6",
            "to_state_id": 3,
            "type": "SUBDIVISION"
        },
        {
            "from_state_id": 3,
            "id": 30,
            "matrix": [
                [
                    0.66941899061203,
                    0.4533312916755676,
                    0.21770228445529938,
                    0.33058103919029236
                ],
                [
                    0.0,
                    0.21770228445529938,
                    0.11126413941383362,
                    0.0
                ],
                [
                    0.0,
                    0.11126413941383362,
                    0.21770228445529938,
                    0.0
                ],
                [
                    0.33058103919029236,
                    0.21770228445529938,
                    0.4533312916755676,
                    0.66941899061203
                ]
            ],
            "matrix_cols": 4,
            "matrix_rows": 4,
            "name": "s7",
            "to_state_id": 3,
            "type": "SUBDIVISION"
        },
        {
            "from_state_id": 4,
            "id": 31,
            "matrix": [
                [
                    1.0,
                    0.66941899061203,
                    0.4533312916755676,
                    0.66941899061203,
                    0.3002638816833496,
                    0.4533312916755676,
                    0.66941899061203,
                    0.4533312916755676
                ],
                [
                    0.0,
                    0.33058103919029236,
                    0.21770228445529938,
                    0.0,
                    0.14719665050506592,
                    0.0,
                    0.0,
                    0.21770228445529938
                ],
                [
                    0.0,
                    0.0,
                    0.11126413941383362,
                    0.0,
                    0.07375612109899521,
                    0.0,
                    0.0,
                    0.0
                ],
                [
                    0.0,
                    0.0,
                    0.21770228445529938,
                    0.33058103919029236,
                    0.14719653129577637,
                    0.21770228445529938,
                    0.0,
                    0.0
                ],
                [
                    0.0,
                    0.0,
                    0.0,
                    0.0,
                    0.036877863109111786,
                    0.0,
                    0.0,
                    0.0
                ],
                [
                    0.0,
                    0.0,
                    0.0,
                    0.0,
                    0.07375577837228775,
                    0.11126413941383362,
                    0.0,
                    0.0
                ],
                [
                    0.0,
                    0.0,
                    0.0,
                    0.0,
                    0.14719700813293457,
                    0.21770228445529938,
                    0.33058103919029236,
                    0.21770228445529938
                ],
                [
                    0.0,
                    0.0,
                    0.0,
                    0.0,
                    0.07375611364841461,
                    0.0,
                    0.0,
                    0.11126413941383362
                ]
            ],
            "matrix_cols": 8,
            "matrix_rows": 8,
            "name": "s0",
            "to_state_id": 4,
            "type": "SUBDIVISION"
        },
        {
            "from_state_id": 4,
            "id": 32,
            "matrix": [
                [
                    0.66941899061203,
                    0.33058103919029236,
                    0.21770228445529938,
                    0.4533312916755676,
                    0.14719654619693756,
                    0.3002638816833496,
                    0.4533312916755676,
                    0.21770228445529938
                ],
                [
                    0.33058103919029236,
                    0.66941899061203,
                    0.4533312916755676,
                    0.21770228445529938,
                    0.3002638816833496,
                    0.14719665050506592,
                    0.21770228445529938,
                    0.4533312916755676
                ],
                [
                    0.0,
                    0.0,
                    0.21770228445529938,
                    0.11126413941383362,
                    0.14719700813293457,
                    0.07375612109899521,
                    0.0,
                    0.0
                ],
                [
                    0.0,
                    0.0,
                    0.11126413941383362,
                    0.21770228445529938,
                    0.07375579327344894,
                    0.14719653129577637,
                    0.0,
                    0.0
